Ranker_use False
iter_sampling False
correction False
train_percenetae True
under sampling True
base address: /u/vlestari/Documents/Summer/IR/result/TREC8/no_ranker/undersample/
pickle loaded
Reading the Ranker label Information
Ranker: <open file '/v/filer4b/v20q001/vlestari/Documents/Summer/IR/dataAll/systemRanking/TREC8/input.ibmg99b', mode 'r' at 0x7fa7fd5f9f60>
Topic: 401
Reading the relevance label
<open file '/v/filer4b/v20q001/vlestari/Documents/Summer/IR/dataAll/IndriProcessedData/TREC8/relevance.txt', mode 'r' at 0x7fa7fcddc270>
number of documents 2739
Using TF-IDF
(2739, 15000)
Bag of word completed
Number of One 300
Number of Zero 2439
=========Before Sampling======
Whole Dataset size:  2739
Number of Relevant 300
Number of non-relevant 2439
prevelance ratio 10.9529025192
----Started Training----
1
2
3
4
5
1
2
3
4
5
Before Loop Lenght: 10 10
Loop: 0
Initial size: 10 limit: 274.0
length of initial X train: 10
precision score: 0.260586319218
recall score: 0.8
f-1 score: 0.39312039312
####SAL####
[[  0   1   2   3   4  15  23  26  27  28  29  33  34  40  45  47  49  56
   58  59  77  90 111 118 122 141 152 156 159 164 170 171 193 202 206 208
  225 226 232 243 249 255 267 153 182 158 271   8 103 101 248  54 186  13
  238 180 194 218  73 257 182 240 223 188  21  16 227 205 256 147 189 150
  244  91  66 257 149  39 219 250 203 213 183  37 168 266]
 [  0   1   2   3   4  15  23  26  27  28  29  33  34  40  45  47  49  56
   58  59  77  90 111 118 122 141 152 156 159 164 170 171 193 202 206 208
  225 226 232 243 249 255 267 228  14  94  50 238  31 147 113 101 220 149
  201 101  80 184  53  52  66 168  89 150  38  60 138 223 194 175 110  13
  273  62 237 223 151  44 251 218 149  48  73 190 115 145]
 [  0   1   2   3   4  15  23  26  27  28  29  33  34  40  45  47  49  56
   58  59  77  90 111 118 122 141 152 156 159 164 170 171 193 202 206 208
  225 226 232 243 249 255 267 192  46 187 259 121 165 115 135  60  96 204
  224  30 166 195  61 210 197 251 106  89 155 229 194 175   8 183 166  91
  101 218 112 216  79  51  24  89 107 191  97  94 180 253]
 [  0   1   2   3   4  15  23  26  27  28  29  33  34  40  45  47  49  56
   58  59  77  90 111 118 122 141 152 156 159 164 170 171 193 202 206 208
  225 226 232 243 249 255 267  55 210 195 209  63 184 115 264 143 236  88
  203 108 172 109 211  75  50 268 104  99 227  21 196 213  25  31 196 194
  240 134 251  74 155 138 227 136  18 177  68 229 174  86]
 [  0   1   2   3   4  15  23  26  27  28  29  33  34  40  45  47  49  56
   58  59  77  90 111 118 122 141 152 156 159 164 170 171 193 202 206 208
  225 226 232 243 249 255 267 272 198  71 162 179  67 174   7 144  63 190
   74 251  48 134  57  70  94 115  51 241 127 216 268 219 120  14 228  19
   72 253  86  12 117  13 198  72 224 199 245 251  14 198]
 [  0   1   2   3   4  15  23  26  27  28  29  33  34  40  45  47  49  56
   58  59  77  90 111 118 122 141 152 156 159 164 170 171 193 202 206 208
  225 226 232 243 249 255 267 119  75 186  12  75 238  38 162 183  53 165
  175  91 109 129 179 231 188  86  80 252 235  12 260  22 221 173 120 112
   79 119 195  44 129 203 114  81  62 160   6 148 256 234]
 [  0   1   2   3   4  15  23  26  27  28  29  33  34  40  45  47  49  56
   58  59  77  90 111 118 122 141 152 156 159 164 170 171 193 202 206 208
  225 226 232 243 249 255 267  42 147 151 179  85 168 100 101 123  61 259
    5 215  30  78  55 142  85 120  57  50 195 133  35  30 123  97  57 130
  218 268  55 138 129  35 112 140  37 239  12 106 124 222]
 [  0   1   2   3   4  15  23  26  27  28  29  33  34  40  45  47  49  56
   58  59  77  90 111 118 122 141 152 156 159 164 170 171 193 202 206 208
  225 226 232 243 249 255 267  65  88 177 145   7  80   7 236 172  54 201
   32 168 184  93 180  38 120 221 181 266 158  19 132  11 162 135  67 157
  237 260 161 263 269 201 222 140  57 123 252  81 185 239]
 [  0   1   2   3   4  15  23  26  27  28  29  33  34  40  45  47  49  56
   58  59  77  90 111 118 122 141 152 156 159 164 170 171 193 202 206 208
  225 226 232 243 249 255 267 173 172 190 233  43 214 129  80 257 261 190
  145 213 115 150 273 207 113 151  22 271 187 197   8 198 235 220 184 135
  180 224 234 209 176 260  84 192 105  78  20  52  11 169]
 [  0   1   2   3   4  15  23  26  27  28  29  33  34  40  45  47  49  56
   58  59  77  90 111 118 122 141 152 156 159 164 170 171 193 202 206 208
  225 226 232 243 249 255 267 123 235  82 142 234  12  10  62 256  65  39
  178  17 112  13 101  87 203 142 117  30 160  52 116 130 119 254  41  61
  148  37  46 214 142 176 110 194 125  50 166  31  99 181]
 [  0   1   2   3   4  15  23  26  27  28  29  33  34  40  45  47  49  56
   58  59  77  90 111 118 122 141 152 156 159 164 170 171 193 202 206 208
  225 226 232 243 249 255 267  63  36  35 174 213 166 240  25 105 166 233
  204  24 147  18 151 177 259  36 121  46  39 239 196 178  22 160 246  13
  119 187 148 257 135 191 212 157 129 128  81 248  52 140]]
[[1 1 1 1 1 1 1 1 1 1 1 1 1 1 1 1 1 1 1 1 1 1 1 1 1 1 1 1 1 1 1 1 1 1 1 1 1
  1 1 1 1 1 1 0 0 0 0 0 0 0 0 0 0 0 0 0 0 0 0 0 0 0 0 0 0 0 0 0 0 0 0 0 0 0
  0 0 0 0 0 0 0 0 0 0 0 0]
 [1 1 1 1 1 1 1 1 1 1 1 1 1 1 1 1 1 1 1 1 1 1 1 1 1 1 1 1 1 1 1 1 1 1 1 1 1
  1 1 1 1 1 1 0 0 0 0 0 0 0 0 0 0 0 0 0 0 0 0 0 0 0 0 0 0 0 0 0 0 0 0 0 0 0
  0 0 0 0 0 0 0 0 0 0 0 0]
 [1 1 1 1 1 1 1 1 1 1 1 1 1 1 1 1 1 1 1 1 1 1 1 1 1 1 1 1 1 1 1 1 1 1 1 1 1
  1 1 1 1 1 1 0 0 0 0 0 0 0 0 0 0 0 0 0 0 0 0 0 0 0 0 0 0 0 0 0 0 0 0 0 0 0
  0 0 0 0 0 0 0 0 0 0 0 0]
 [1 1 1 1 1 1 1 1 1 1 1 1 1 1 1 1 1 1 1 1 1 1 1 1 1 1 1 1 1 1 1 1 1 1 1 1 1
  1 1 1 1 1 1 0 0 0 0 0 0 0 0 0 0 0 0 0 0 0 0 0 0 0 0 0 0 0 0 0 0 0 0 0 0 0
  0 0 0 0 0 0 0 0 0 0 0 0]
 [1 1 1 1 1 1 1 1 1 1 1 1 1 1 1 1 1 1 1 1 1 1 1 1 1 1 1 1 1 1 1 1 1 1 1 1 1
  1 1 1 1 1 1 0 0 0 0 0 0 0 0 0 0 0 0 0 0 0 0 0 0 0 0 0 0 0 0 0 0 0 0 0 0 0
  0 0 0 0 0 0 0 0 0 0 0 0]
 [1 1 1 1 1 1 1 1 1 1 1 1 1 1 1 1 1 1 1 1 1 1 1 1 1 1 1 1 1 1 1 1 1 1 1 1 1
  1 1 1 1 1 1 0 0 0 0 0 0 0 0 0 0 0 0 0 0 0 0 0 0 0 0 0 0 0 0 0 0 0 0 0 0 0
  0 0 0 0 0 0 0 0 0 0 0 0]
 [1 1 1 1 1 1 1 1 1 1 1 1 1 1 1 1 1 1 1 1 1 1 1 1 1 1 1 1 1 1 1 1 1 1 1 1 1
  1 1 1 1 1 1 0 0 0 0 0 0 0 0 0 0 0 0 0 0 0 0 0 0 0 0 0 0 0 0 0 0 0 0 0 0 0
  0 0 0 0 0 0 0 0 0 0 0 0]
 [1 1 1 1 1 1 1 1 1 1 1 1 1 1 1 1 1 1 1 1 1 1 1 1 1 1 1 1 1 1 1 1 1 1 1 1 1
  1 1 1 1 1 1 0 0 0 0 0 0 0 0 0 0 0 0 0 0 0 0 0 0 0 0 0 0 0 0 0 0 0 0 0 0 0
  0 0 0 0 0 0 0 0 0 0 0 0]
 [1 1 1 1 1 1 1 1 1 1 1 1 1 1 1 1 1 1 1 1 1 1 1 1 1 1 1 1 1 1 1 1 1 1 1 1 1
  1 1 1 1 1 1 0 0 0 0 0 0 0 0 0 0 0 0 0 0 0 0 0 0 0 0 0 0 0 0 0 0 0 0 0 0 0
  0 0 0 0 0 0 0 0 0 0 0 0]
 [1 1 1 1 1 1 1 1 1 1 1 1 1 1 1 1 1 1 1 1 1 1 1 1 1 1 1 1 1 1 1 1 1 1 1 1 1
  1 1 1 1 1 1 0 0 0 0 0 0 0 0 0 0 0 0 0 0 0 0 0 0 0 0 0 0 0 0 0 0 0 0 0 0 0
  0 0 0 0 0 0 0 0 0 0 0 0]
 [1 1 1 1 1 1 1 1 1 1 1 1 1 1 1 1 1 1 1 1 1 1 1 1 1 1 1 1 1 1 1 1 1 1 1 1 1
  1 1 1 1 1 1 0 0 0 0 0 0 0 0 0 0 0 0 0 0 0 0 0 0 0 0 0 0 0 0 0 0 0 0 0 0 0
  0 0 0 0 0 0 0 0 0 0 0 0]]
Loop: 1
Initial size: 274 limit: 548.0
length of initial X train: 11
